ParameterInit;
controller_design_lqr;

x_0 = [0.07; 0; 0];
x_offset = [0.01; 0; 0];
y_noise  = [0.000001668252765; 0.000000092522909; 0.256493601424753];

